Esperanza temperature
1945       -       -    -4.6   -10.8   -10.4   -16.7   -17.1   -13.4    -7.1    -5.8    -5.2    -0.8
1946    -0.4    -2.6    -0.1    -4.4    -7.8    -5.7    -6.7   -11.1    -7.3    -9.5    -6.6    -1.1
1947    -2.4    -0.8    -1.3    -7.2   -11.2   -12.1   -10.8    -7.7    -9.3    -4.1     0.2    -2.6
1948     0.3    -2.9    -4.2    -7.2   -11.0   -11.2   -17.1   -11.8    -6.7    -3.9    -7.5    -1.7
1949       -       -       -       -       -       -       -       -       -       -       -       -
1950       -       -       -       -       -       -       -       -       -       -       -       -
1951       -       -       -       -       -       -       -       -       -       -       -       -
1952       -       -       -   -10.4   -13.7    -8.1   -10.3    -7.5    -6.1    -4.9    -1.5    -0.2
1953    -0.7    -1.1    -6.0    -9.2   -11.7   -12.2    -7.5    -6.5    -6.4    -7.0    -2.2     1.0
1954    -1.0    -2.1    -4.0    -3.8    -6.5   -13.6   -15.2   -16.5   -11.9    -3.4    -2.0    -0.6
1955     1.6     0.2    -5.5    -6.3    -8.8    -8.7    -9.4    -9.6    -3.5    -1.9    -3.1    -1.7
1956       -    -2.1    -5.8    -4.4    -7.9    -5.7    -7.5    -5.7    -7.7    -4.4    -0.7    -1.3
1957    -0.2     1.8    -2.7    -1.4    -7.3   -16.7   -13.3    -9.0    -5.9   -11.2    -0.9    -0.7
1958    -0.1    -1.7    -2.4    -8.6   -14.3   -15.1   -14.1   -11.8    -8.4    -4.9     0.4     0.0
1959    -0.2    -3.1    -2.9    -8.9   -10.9   -12.2   -16.8   -13.9    -9.9    -3.2    -3.1    -0.3
1960     1.1     0.6     0.0   -11.6   -12.1    -8.2   -10.3   -10.3    -4.8    -6.7    -4.2     0.4
1961     0.4    -2.2    -7.5   -11.5   -13.1   -17.1   -14.8   -10.7   -10.9    -2.9    -2.5     0.5
1962     2.5     1.4    -4.6    -2.3    -4.9   -10.5    -7.9    -7.7    -4.7    -1.2    -3.6     0.9
1963     1.7    -0.1    -4.5    -7.8    -5.8   -10.5    -8.4   -11.4    -7.0    -7.6    -0.5     0.5
1964     0.6    -0.9    -2.7   -10.8    -6.5   -11.7   -12.4   -20.9    -6.0    -1.0    -0.3     0.2
1965     0.9     0.5     2.2    -6.3    -7.5   -10.4   -12.3   -11.1    -6.8    -5.6    -0.8    -2.0
1966     0.6    -2.2    -4.2    -2.9   -14.5   -10.6   -14.7    -7.6    -7.8    -3.3    -1.2     0.9
1967    -0.1    -3.0    -1.7    -8.7   -15.1   -13.0   -10.6    -7.9    -7.3    -4.6    -5.2     0.3
1968    -0.2    -2.6    -6.4    -5.6   -12.1   -11.3   -10.6   -10.2    -5.2    -2.6    -1.1     0.9
1969    -0.6    -2.8    -5.6    -7.9    -9.8   -14.3   -10.7    -7.3    -4.8    -7.7    -5.8     1.3
1970     1.6    -1.0    -3.2    -7.7   -11.6   -12.2    -6.9    -9.5    -5.1    -2.0     1.7     0.7
1971     0.2    -1.6    -3.2    -6.6   -11.9    -5.7    -8.2   -10.2   -10.0    -2.6    -0.4    -0.8
1972     0.1    -1.1    -6.8   -11.8    -8.3   -15.3   -13.0   -14.0    -6.7    -3.2    -1.4     2.0
1973    -1.6    -1.1    -2.8   -10.9   -15.7   -14.7    -8.8   -10.7   -12.6    -3.1    -1.4     0.5
1974    -1.2     1.2    -0.9   -10.2    -9.3   -10.4   -10.5   -12.9    -8.6    -4.3    -2.3     0.1
1975    -1.6    -3.5    -4.9    -8.7   -12.3   -11.7   -13.9   -14.0    -6.9    -2.3    -1.9    -0.3
1976    -0.7     0.4    -2.7    -5.6    -7.2    -9.1   -17.6   -10.3    -8.3     0.1     0.1     0.0
1977     0.6     0.4    -2.9    -6.5    -6.2    -8.5   -10.1   -12.0    -9.7    -3.1    -1.3     1.2
1978     1.6     1.5    -2.4    -2.9    -3.1   -13.4   -15.1    -9.5    -4.0    -2.5    -1.7    -0.2
1979       -    -2.8       -    -2.1    -6.1   -11.5    -8.6    -8.7       -       -       -       -
1980     0.9    -1.5    -3.3   -10.4    -9.7   -12.3   -17.1   -13.9   -11.5    -3.7    -5.3     0.6
1981     0.9     0.3    -3.2    -2.8    -8.7    -7.2    -8.9   -13.9    -7.6    -7.7    -1.9     0.8
1982     2.0     0.7    -2.3    -3.6    -3.8    -3.9   -13.7    -9.2    -6.7    -4.3    -3.3     0.2
1983     0.5    -0.7    -4.2    -4.1   -10.2    -9.6    -9.4    -3.9    -9.6    -4.4    -1.8     1.6
1984    -0.6     0.0    -0.2    -6.7   -10.1   -10.6    -6.0    -5.2    -1.3    -5.5    -0.7     0.8
1985     1.4    -0.5    -4.9    -6.1   -11.5    -9.1    -4.6    -8.4    -3.4    -2.9     0.9     1.3
1986     0.3    -1.5    -2.6    -7.2   -15.5   -14.2   -11.4   -12.4    -7.1    -2.1    -2.8     0.7
1987     1.2     0.2    -1.7   -10.9   -11.3   -12.3   -16.3    -7.1    -8.7    -3.5     0.4     1.5
1988     0.4     1.6    -3.3    -4.8    -6.6   -14.8    -8.5   -11.8    -6.4    -5.7    -4.1    -0.4
1989     1.0     0.7     0.4   -10.7    -3.8    -7.4    -0.7    -6.3    -5.8    -3.0    -1.0     0.5
1990     0.4     2.8    -2.2   -10.7   -13.0   -10.2   -12.5   -11.0    -4.1    -6.8    -1.9    -1.0
1991     2.5    -1.6    -6.1    -7.0   -13.0   -12.2   -10.9   -10.0    -4.2    -6.6    -1.3    -0.9
1992     1.7    -1.2    -6.3    -6.0   -13.9   -12.2   -10.7   -10.2    -4.9    -6.6     1.2     3.5
1993     0.3     0.9    -0.9    -6.8    -7.1   -10.4    -9.8    -8.0    -8.6    -2.2    -0.3     0.1
1994     1.3    -0.2    -1.4    -6.4    -9.0   -11.2   -15.7    -5.9    -8.7   -10.1    -0.8     2.1
1995     3.0     1.7    -2.6    -8.2    -6.2   -11.9   -17.3   -12.5    -9.4    -1.6    -2.2     1.7
1996     1.6     2.2    -1.7    -6.0    -9.0   -11.8    -7.2    -7.1    -8.2    -2.5    -0.8     0.6
1997     1.9     0.3     0.7    -6.9    -4.6   -10.1   -13.5   -10.4   -10.8    -7.5    -5.0     0.3
1998     1.6     2.8    -0.3     0.7    -3.8    -4.6   -12.5   -11.3   -10.1    -5.7     0.2     0.4
1999     2.2     1.0    -0.4    -1.3    -2.9    -8.9   -10.0    -8.9    -9.0    -0.7     0.5     2.0
2000     1.2     2.5    -0.3    -2.7    -4.7    -4.5    -5.9   -12.6    -8.7    -3.1    -1.0    -0.2
2001     0.5    -1.4    -4.8    -8.4    -4.4   -10.8   -11.9    -4.5    -2.8    -0.5     0.1     2.0
2002     2.4     2.9    -3.2    -4.1   -12.6   -15.5   -11.0    -6.9    -4.9   -10.6    -1.6     1.4
2003     1.1     1.0    -1.5    -2.9    -7.4   -13.7   -11.5    -5.3    -3.9    -4.7    -3.7    -1.7
2004     1.5     1.6    -2.3    -5.8    -6.1    -7.6    -8.0    -8.2    -6.7    -3.1     1.0     1.0
2005     1.1     1.8    -2.3    -5.8    -9.4   -15.1   -11.6    -5.7    -5.2    -1.1     0.5     0.0
2006     3.1     2.2    -0.3    -4.0    -2.5    -7.2    -7.4   -14.6    -8.7    -1.1    -0.1     0.6
2007     2.0     0.1    -3.5   -11.8    -9.6   -14.1   -18.2   -11.2    -7.6    -8.1    -3.6     1.3
2008     2.3     1.4    -3.1    -6.9    -6.9    -9.7   -11.1    -7.6    -0.1    -3.1    -0.5     2.6
2009     2.2     0.1    -0.4    -6.4    -9.2   -15.6   -13.3   -11.6    -6.9    -4.9    -3.0     0.4
2010     0.1    -0.8    -3.9    -8.4    -8.2    -4.1    -7.4    -8.5    -5.7     0.5     1.6    -0.5
2011     1.3     2.8    -3.1   -11.1    -8.2   -12.0   -15.4    -9.6   -10.3    -2.7    -0.2     2.8
2012     2.1    -0.4    -1.5    -9.0    -7.5   -12.2    -8.7   -10.2    -8.6    -5.3    -3.3    -1.1
2013     0.6     0.8     0.8    -0.4   -10.1    -9.6   -12.9   -10.8    -5.8    -6.9    -1.5    -0.8
2014     0.3    -0.4    -4.7    -2.2    -7.6    -9.3    -5.3   -11.5    -7.2    -5.2    -3.3     0.2
2015     1.6     0.9    -1.1    -2.2    -7.3   -14.6   -11.9    -7.5   -11.3    -1.5    -2.0     1.4
2016     1.3     0.9     0.2    -5.7    -4.1    -4.9    -7.1   -10.9    -0.3     0.2    -0.4     0.4
2017     0.8     1.2     0.6    -5.2    -6.8   -10.8   -10.0   -10.6    -7.2    -5.3    -0.5     0.9
2018       -     1.6    -2.5    -3.9    -7.0    -8.7    -6.7    -7.5    -4.8    -2.5    -0.5     1.6
2019       -       -       -       -       -       -       -       -       -       -       -       -
